1 85
2 98
2 37
2 92
2 51
2 135
2 73
2 72
3 61
5 114
5 37
5 92
5 48
5 119
6 130
6 42
6 130
6 130
6 130
7 129
7 120
7 68
7 95
7 108
7 54
10 124
10 133
10 127
10 116
11 38
11 101
11 61
12 103
12 125
13 28
13 59
14 135
14 103
14 34
14 107
17 74
17 120
17 50
17 27
17 102
17 88
17 104
19 76
19 34
19 120
20 81
20 33
20 27
20 81
20 129
20 123
20 21
21 100
21 66
22 77
22 89
24 94
24 126
27 108
29 98
32 118
32 83
34 112
35 79
38 124
38 104
39 90
39 64
40 94
42 89
43 107
43 91
44 132
44 92
45 115
45 98
46 133
47 63
48 82
49 87
49 110
51 136
52 138
52 137
53 77
53 133
54 113
55 61
56 62
57 91
57 138
60 85