1 531
1 138
2 570
2 78
2 340
2 435
2 145
2 401
3 534
4 241
4 128
4 619
4 436
4 234
4 473
6 506
6 225
6 161
6 410
6 372
6 435
8 493
8 453
8 144
8 369
8 68
8 443
8 428
8 92
9 24
9 566
9 453
9 119
9 79
9 258
9 92
9 447
10 359
10 304
10 92
10 160
10 412
10 178
10 276
11 160
11 509
11 431
11 340
12 35
15 124
15 255
15 402
16 339
17 357
17 482
17 137
18 561
18 267
18 286
18 447
18 493
18 549
19 612
19 242
19 56
19 223
19 371
20 339
20 114
20 51
20 65
20 196
21 239
22 318
22 355
22 534
23 189
23 143
23 444
23 505
23 502
25 493
25 547
28 493
28 153
28 475
28 87
28 458
28 493
29 342
29 410
29 450
29 144
29 180
31 376
31 563
31 327
31 574
32 101
32 182
32 129
32 476
32 573
32 291
33 446
33 496
33 487
34 172
34 290
34 545
34 501
34 290
34 462
35 428
35 340
35 453
35 518
35 308
35 295
37 102
37 368
37 526
37 191
37 238
38 393
38 395
38 192
38 387
38 456
38 617
39 600
39 93
40 358
40 562
41 278
41 602
42 256
42 95
43 534
43 496
43 431
43 240
44 271
44 267
45 462
45 487
45 189
46 581
46 604
46 292
46 580
46 331
47 175
47 477
47 599
47 443
47 586
47 77
49 247
49 240
49 364
49 117
49 160
50 157
50 126
50 428
51 287
51 440
51 177
52 74
52 86
52 618
52 171
52 96
52 229
53 437
53 139
53 471
53 237
53 408
53 467
54 455
54 531
55 274
55 506
55 173
55 543
56 545
56 146
56 432
56 200
56 230
57 176
58 128
58 423
59 434
60 296
60 326
60 365
60 192
61 234
61 314
62 321
62 500
62 440
62 194
64 256
65 395
65 242
66 154
66 150
66 503
66 326
67 419
67 219
68 225
68 563
69 388
69 383
69 153
70 412
70 260
70 321
71 549
71 564
71 304
71 594
72 307
72 558
73 520
73 503
73 610
73 331
74 290
74 188
74 170
75 304
75 441
76 272
77 578
77 338
78 551
78 182
78 515
79 459
79 394
79 394
80 300
80 366
80 517
80 345
81 402
81 310
81 274
81 594
82 148
82 245
82 498
83 353
83 366
83 591
83 257
84 300
84 167
85 183
85 298
85 254
86 203
86 239
86 429
86 193
87 307
87 381
87 194
87 182
89 165
90 454
91 519
93 177
93 556
93 292
94 187
94 483
94 385
94 245
95 203
95 449
95 494
95 267
96 477
99 202
99 325
100 404
100 395
100 605
101 592
101 485
101 395
101 407
102 435
102 302
103 486
103 539
103 485
103 188
105 243
105 276
105 308
105 569
106 151
106 488
107 285
107 581
107 503
107 306
108 520
108 301
109 272
109 237
109 186
109 251
110 593
112 327
112 575
112 321
112 526
113 345
113 470
113 288
113 174
114 513
114 552
114 447
114 202
116 518
116 426
116 293
117 329
117 467
119 580
119 161
120 572
120 524
121 582
121 558
121 178
121 541
122 613
122 523
123 472
123 585
124 167
124 345
124 276
125 235
125 154
126 422
126 555
129 438
129 561
132 460
132 398
132 375
132 158
133 154
133 441
134 507
134 552
136 307
136 547
136 601
137 357
137 295
137 359
137 195
138 469
138 260
138 368
138 403
139 333
139 442
139 301
140 207
140 610
141 539
141 596
143 421
143 386
145 448
145 384
146 497
146 406
147 480
147 523
149 537
150 599
150 394
151 610
151 419
152 454
152 591
154 479
154 411
155 427
156 319
157 342
159 595
159 408
160 345
161 568
161 375
162 446
163 502
163 573
164 574
164 483
166 495
166 546
167 502
168 442
169 514
169 355
170 552
171 476
171 545
173 516
173 528
175 603
176 458
177 330
177 513
178 563
179 578
180 524
180 448
182 558
182 493
183 456
183 461
185 329
186 478
186 380
187 462
189 456
192 403
194 611
194 482
196 389
196 334
197 465
198 587
198 364
199 616
199 557
200 409
202 488
202 482
203 483
203 518
204 581
205 574
208 502
208 453
209 439
210 580
210 339
211 373
212 428
214 487
214 523
216 423
216 576
217 359
217 434
218 489
218 473
219 519
220 486
220 496
221 478
221 341
225 516
225 597
227 594
227 347
230 556
230 509
233 335
234 532
236 369
236 475
237 436
237 471
238 560
239 338
239 310
240 333
241 442
244 339
244 323
246 549
246 371
247 332
247 592
248 482
248 505
249 487
249 504
252 450
252 442
253 392
254 533
254 527
256 408
256 367
257 413
257 592
261 441
262 459
264 364
264 341
265 304
265 489
268 520
268 306
269 400
270 343
271 543
271 536
272 338
272 555
273 374
275 539
275 322
276 358
277 445
278 577
278 341
280 314
281 365
283 331
283 397
284 309
286 397
287 329
287 440
289 511
289 597
290 307
290 413
292 436
293 342
299 595
299 593
300 367
300 468