1 1305
1 1301
1 862
1 1405
1 1038
1 1122
2 1158
2 952
2 1158
3 1281
3 619
3 1158
3 1439
4 625
4 664
4 720
4 462
4 1437
4 497
5 314
5 379
5 854
5 1295
5 1280
5 1457
5 1082
5 1285
6 1081
6 844
7 586
7 302
7 399
7 1104
7 301
7 1190
7 1339
8 1016
8 626
8 1476
8 527
8 716
8 668
8 581
8 539
9 813
9 1389
9 1104
9 514
9 1485
9 864
9 1116
9 433
10 343
12 257
12 1160
13 697
13 1484
13 251
13 862
13 1368
13 961
13 753
13 640
14 1074
14 1194
15 1346
15 1390
15 416
15 629
15 922
17 825
18 671
19 653
19 513
19 598
20 1250
20 1067
20 1406
20 1474
20 256
20 1156
20 766
21 509
22 296
22 442
22 1446
23 1351
23 1048
23 1200
24 261
24 416
24 1387
24 745
24 1066
24 1299
24 864
25 767
25 750
25 349
25 1058
25 464
25 1275
27 915
27 286
28 813
28 1313
28 1271
28 279
28 461
28 1347
28 1166
28 1053
29 1047
29 643
29 375
29 340
30 813
30 1294
30 324
31 296
33 474
33 1432
33 959
33 767
33 343
33 1176
33 275
34 768
34 1078
34 1266
34 443
34 1223
35 1295
35 798
35 1327
35 457
35 326
35 1471
35 1018
35 1225
36 283
36 1044
36 842
36 832
36 1133
36 800
36 447
36 414
37 789
37 859
37 511
37 265
38 1356
38 844
38 1480
39 357
39 862
39 251
39 575
39 288
39 572
40 818
40 564
41 1213
41 1250
42 848
43 360
44 1241
44 1125
44 1452
44 611
44 471
44 1458
44 806
45 288
45 856
45 1037
45 472
45 650
45 709
45 846
46 447
46 1386
46 897
46 899
46 299
46 495
46 1448
46 510
47 432
47 1032
47 563
47 879
47 1227
47 579
47 1228
48 361
48 832
48 1110
48 421
49 491
49 263
50 1041
50 341
50 1318
50 1020
50 714
50 721
50 953
50 298
51 1415
51 1311
51 253
51 252
51 446
52 1389
52 958
52 298
52 622
52 877
52 1088
52 653
54 650
54 274
54 1042
54 529
55 585
55 489
55 597
55 979
55 1370
55 1272
55 513
55 622
56 1462
56 1000
56 269
56 1376
56 1355
57 821
57 638
57 1115
58 300
58 430
59 469
59 898
59 1294
60 1443
60 1176
61 700
61 701
61 996
62 937
62 1317
62 526
62 1497
62 332
62 273
62 1351
62 551
63 1128
63 940
63 668
63 713
63 1182
64 1167
64 730
64 385
64 1374
64 598
64 1478
64 888
65 601
65 266
65 1166
66 583
66 673
66 753
66 633
66 1093
67 674
67 1198
67 616
67 1383
67 637
67 886
68 600
68 548
68 1282
68 1166
68 705
68 536
68 1085
68 525
69 553
69 1083
69 884
69 278
70 496
70 1466
72 746
72 1447
72 1227
74 724
74 702
75 726
75 1497
75 647
75 334
76 1130
76 1371
76 1399
78 1252
78 890
78 886
78 1287
78 468
78 1001
78 1466
79 434
79 1173
79 1087
79 420
79 1074
79 295
80 1387
80 958
80 983
80 1372
80 1250
80 691
80 1227
80 463
82 945
83 1154
83 512
84 442
84 339
84 879
84 310
84 460
84 1357
84 1249
84 784
85 628
85 1114
85 276
85 1266
85 1290
85 1488
86 301
87 1354
87 1043
87 730
87 341
87 1264
88 746
89 1165
90 920
90 1481
90 1201
90 540
90 642
90 1341
91 1235
91 597
91 761
92 1233
92 549
93 1338
94 1187
94 1000
94 548
95 1008
96 269
96 1461
96 1092
96 821
97 1045
97 1069
97 747
97 459
97 423
97 302
97 721
97 1338
98 955
100 297
100 1201
100 299
100 1131
100 1219
100 740
100 1335
100 782
101 1103
101 560
101 924
101 1006
102 259
103 1053
104 1292
104 714
105 358
105 1414
105 1368
105 1012
105 1201
105 1030
108 492
108 1282
108 999
108 932
108 393
108 361
109 841
110 937
110 922
110 291
110 327
110 269
110 1475
110 987
111 1038
111 778
111 987
111 1225
111 954
111 835
112 1382
112 710
112 1495
112 938
112 1414
112 313
113 358
113 729
113 317
113 1486
113 516
113 812
113 755
113 412
114 791
114 1452
114 945
114 805
114 454
115 1184
115 1120
115 258
116 1233
116 986
117 756
117 437
117 1168
118 426
118 1209
118 1122
119 681
119 1232
120 1462
120 1155
120 792
120 1220
120 1390
121 1233
121 1212
121 394
121 577
121 1373
121 1316
122 874
122 1428
122 462
122 1031
122 1371
123 1136
123 1244
123 680
123 635
123 713
123 429
123 1058
123 916
124 718
125 806
125 1320
125 257
125 1077
125 1162
125 661
126 498
126 534
126 1167
126 1384
126 432
126 1000
127 1035
127 1391
127 510
127 781
127 1134
127 547
127 999
128 682
128 732
128 756
128 450
128 1056
128 322
129 1022
129 827
129 607
129 1241
129 1326
129 1395
129 1411
130 1462
130 804
130 1381
131 1381
131 985
131 757
131 319
131 886
131 510
132 523
133 439
133 487
133 1491
133 499
133 780
133 461
133 1153
133 995
134 1500
134 1109
134 253
134 446
134 628
134 1127
134 395
134 608
135 759
135 809
135 255
135 1319
136 266
136 634
137 708
137 1255
137 444
137 487
137 568
137 527
137 1069
138 347
138 1318
138 705
138 1097
140 1125
140 1475
140 337
140 661
140 507
140 260
140 1055
140 1365
141 389
141 1429
141 986
141 825
142 871
142 663
142 1252
142 1304
142 687
142 1205
144 769
144 1344
144 794
144 1490
144 1185
144 1120
144 402
145 464
145 375
145 357
145 556
145 1328
145 1399
145 1296
145 593
146 253
146 1274
146 592
146 1403
147 794
147 1362
147 500
147 1357
148 356
148 1186
148 1411
148 261
148 1093
148 1291
148 473
149 1197
149 747
149 819
150 924
151 530
151 1119
151 1135
151 811
153 739
153 1219
153 984
153 981
154 1128
154 776
154 1275
154 1462
156 1328
156 484
157 862
157 1108
157 520
157 556
157 303
158 564
158 1398
158 443
158 724
158 362
158 971
158 567
160 961
160 1416
160 350
160 509
160 799
160 931
161 1112
161 1225
162 942
162 605
162 265
162 1366
163 510
163 1453
163 784
163 1397
163 655
164 1402
164 546
164 1177
164 946
164 830
165 935
165 475
165 1457
165 957
165 437
165 556
165 741
165 1380
166 1164
166 911
167 673
167 1421
168 590
168 1387
168 1166
170 625
170 297
170 541
170 1054
170 1068
170 644
170 820
171 814
171 320
171 330
173 748
173 1101
173 515
173 793
174 488
174 1343
175 528
175 366
175 1285
175 1250
175 1082
176 1077
176 675
176 1333
178 875
178 844
178 753
178 1412
178 1043
179 1464
179 606
180 627
180 870
180 851
180 472
180 558
180 844
181 648
182 299
182 487
182 1285
182 898
182 756
182 348
183 1267
183 750
183 1362
184 718
184 1396
184 314
185 257
185 618
185 296
185 926
185 942
185 489
186 477
186 826
186 1441
187 1090
188 1192
189 1474
189 979
189 897
189 1088
189 1237
189 840
189 1362
190 437
190 1158
190 1476
190 1447
190 1280
191 900
191 265
191 409
192 864
192 1218
192 1223
193 907
193 1035
193 587
193 1304
193 326
195 598
196 423
196 402
197 1315
198 379
198 389
198 1249
198 555
198 501
198 1097
199 1492
199 281
199 1352
200 782
200 382
200 1378
200 529
200 704
201 690
201 1499
201 1319
202 1373
202 1353
202 1279
202 1046
202 1257
203 348
203 1109
203 541
203 596
203 283
203 1208
203 874
203 339
204 739
204 793
204 276
204 1181
204 567
204 571
205 642
205 882
205 1151
205 1247
205 876
205 561
207 1400
207 689
207 430
207 680
207 925
207 258
208 920
209 967
209 363
209 647
210 1296
211 1019
211 594
211 882
211 1119
211 667
212 722
212 930
212 645
213 323
213 1186
213 378
214 639
214 1049
214 1442
214 1476
214 1217
214 817
214 278
215 1293
215 1217
215 1149
215 404
215 1392
215 373
215 1152
215 1010
216 350
216 1084
216 660
216 338
216 887
216 1221
216 526
217 1429
217 360
217 465
218 420
218 1182
218 315
218 257
218 887
218 672
218 1404
219 767
219 874
219 972
219 571
220 1470
220 1471
221 1292
221 821
221 1356
221 1251
221 867
222 1050
223 515
223 1379
224 259
224 663
224 1230
225 1431
225 374
225 1121
226 1194
226 276
226 277
226 257
227 652
227 526
227 1310
227 747
228 1010
229 398
230 963
231 387
232 284
232 713
232 318
232 1044
232 584
232 1110
233 1198
233 446
233 1406
233 701
233 783
233 1063
233 577
233 928
234 641
234 345
234 711
234 751
234 605
234 462
234 983
234 493
235 1332
235 451
236 661
236 320
236 537
236 849
236 1168
236 1299
237 743
238 671
238 1214
239 607
239 1017
239 900
239 752
239 1345
239 793
240 513
240 327
240 423
240 1276
240 717
240 792
240 1326
240 423
241 416
241 820
241 1070
241 1303
241 347
241 1060
242 1465
242 475
242 1439
242 826
242 470
242 1020
242 949
242 1212
243 259
243 985
243 774
243 1260
243 1422
243 342
243 1272
243 1037
245 320
245 646
246 700
246 700
246 793
246 1124
246 599
246 522
246 412
246 462
247 386
247 984
247 906
247 677
248 718
248 1453
248 472
248 504
248 1369
248 1127
248 847
249 1229
249 1023
249 1172
250 1268
250 300
250 1117
250 277
250 987
250 1153
250 1432
250 1200
251 1449
252 982
256 1446
258 1195
258 947
259 905
259 1074
263 1434
263 1422
265 953
267 911
268 947
268 966
269 1040
269 1106
270 1208
270 1164
272 824
272 856
273 811
278 1378
279 912
280 1114
281 1148
281 1186
282 1252
282 1331
285 1296
286 821
286 789
287 1096
288 1456
289 788
290 1431
290 1411
292 942
292 990
293 885
293 1359
294 1438
295 1075
295 1439
296 754
297 793
298 1213
300 1240
300 1368
301 1487
303 924
303 943
304 859
304 1481
305 1303
306 806
306 1363
307 1436
307 1084
308 1341
309 919
310 1080
311 1177
311 960
312 1400
313 1434
314 778
314 983
315 1487
317 1395
317 1149
319 1254
319 1111
320 1124
321 1021
321 824
323 989
324 759
326 1139
327 1312
327 1497
328 1044
328 1459
330 757
331 1097
333 1290
333 1441
336 971
336 1284
339 867
339 860
340 931
340 1464
341 947
342 948
342 1382
344 894
346 805
346 929
347 1408
347 1348
348 1431
349 885
350 1062
350 943
351 1387
352 1187
352 1228
353 1173
355 1073
355 1041
357 1406
357 1318
358 1181
359 1377
359 1040
360 1069
362 951
363 1446
363 989
364 1090
365 937
365 847
366 1490
366 1479
367 1133
369 1167
372 1409
372 1446
374 784
375 1136
375 1072
376 1117
376 892
378 1115
379 1377
380 1360
380 1081
381 1058
381 846
382 944
382 997
384 763
388 782
388 792
389 762
389 1477
390 1448
392 822
392 1201
393 1456
394 1424
394 1162
395 777
397 1191
403 895
403 1064
404 1456
404 1097
406 1096
406 1100
407 791
408 1024
409 1244
412 1419
413 1118
413 1312
414 1031
414 1345
415 1091
416 1332
416 857
417 961
418 1251
418 1414
421 1361
422 1213
425 1447
426 1415
428 1282
428 1265
430 1083
430 814
431 1498
431 1339
432 825
432 1360
433 946
435 968
435 903
436 1460
436 1358
437 1368
439 1026
440 903
440 1169
443 1138
444 1473
444 996
445 1490
447 1260
447 1460
448 1483
449 1207
451 835
451 833
453 1223
453 1315
454 1219
456 997
456 1341
458 1451
458 1273
459 1119
460 893
461 962
462 1061
463 1333
463 1400
464 1147
464 815
465 911
466 1408
466 969
468 1495
470 1126
471 1395
475 1369
476 839
476 1013
479 1218
479 1198
480 890
482 1138
482 769
485 793
485 1300
486 947
487 790
488 784
491 1148
492 1431
492 1469
493 1319
493 1097
494 1216
494 1149
495 1297
495 755
496 1167
496 1259
499 997
499 1085
500 1082
501 1497
501 972
503 758
504 1342
504 1181
505 1376
505 1061
506 1018
506 1400
507 1426
507 816
508 1179
508 1252
509 1432
509 1185
510 1414
513 1115
516 1245
516 1346
519 1045
519 779
520 1125
521 1267
522 1305
522 1061
523 1139
524 1423
524 1258
525 886
525 936
527 1442
528 1314
530 871
531 1271
532 1245
534 926
534 1002
537 1200
538 904
539 1477
540 990
542 1500
542 1386
546 971
548 1263
548 771
550 1153
553 857
554 751
555 879
555 1100
558 1471
560 758
560 1343
565 1068
566 1364
567 998
568 1392
568 1280
569 1384
569 1356
570 945
570 1156
572 1178
573 1428
574 846
574 1394
576 1450
576 786
577 1402
578 1091
578 1074
580 1282
581 774
582 1079
582 1354
583 1266
583 1493
585 774
585 1027
586 810
587 1068
587 1433
589 1428
589 1012
590 1049
590 824
592 1348
593 1095
593 905
594 1144
594 1310
596 1044
596 801
599 1388
602 1139
605 1319
605 827
606 1130
606 1084
607 903
608 1440
608 1450
609 954
613 806
613 907
614 1328
615 1365
615 1314
616 1497
617 782
617 1494
618 1254
620 811
621 1118
621 1105
622 1315
624 1230
624 1143
627 803
627 1098
629 827
629 1299
630 1481
631 1108
631 1270
633 751
633 1098
634 1040
635 1202
635 837
636 1035
638 1127
638 1036
639 992
639 938
641 903
647 948
647 1141
650 874
652 825
652 989
653 786
654 1093
654 1223
655 1151
655 1103
656 765
656 1069
659 992
660 799
661 1364
661 917
662 1467
662 1089
663 1143
665 1177
665 1132
668 1413
671 1382
673 1240
673 1133
675 1093
675 890
677 996
679 1480
679 1275
681 1193
684 1203
685 1394
687 1018
688 862
689 965
690 1485
690 916
691 896
692 1410
692 1444
694 1305
694 1352
695 845
695 1401
696 1084
696 982
697 1458
698 936
698 825
699 1293
700 842
701 1296
702 989
702 1176
705 796
708 1095
709 879
709 1293
712 1177
712 1246
713 1364
715 884
715 1000
716 1330
717 1333
717 1486
718 879
719 1103
719 1019
720 1042
722 1350
725 1331
725 916
726 1106
726 928
728 1180
728 1034
729 1167
729 1099
730 1006
730 1304
731 968
732 1410
734 1290
734 1351
735 1387
737 1484
737 1003
738 881
740 1340
740 1421
742 1275
742 939
743 1195
746 1287
746 1141
747 1227
748 1408
748 1336
749 983
749 1039
750 979
750 1010