17 1 2195
34 5 1638 1080 2250 2927 2148
32 5 1032 2051 815 2563 1745
31 5 3116 2968 291 2009 2645
38 5 1397 2749 2985 1930 2767
33 2 565 2979
33 2 605 1378
24 5 3059 2925 2236 3001 2669
32 5 1836 2594 2459 1433 956
31 3 2993 1419 922
40 4 533 1048 2896 432
25 2 2078 140
22 3 2095 1538 2503
27 4 2955 1626 3160 2593
26 4 3028 2687 3072 2921
31 3 2822 2794 2236
25 2 3006 3141
27 2 2837 680
30 4 2337 2637 604 1088
33 4 2312 2081 2979 92
27 1 448
34 5 2532 1866 1936 1018 2075
19 4 449 2708 817 1898
27 3 2043 2946 2373
32 1 1697
38 5 2793 706 2628 1643 1993
33 1 3050
20 4 2973 3018 2313 2593
35 4 1686 2806 1708 764
23 3 1861 970 1464
36 4 1047 88 1560 1953
33 3 2005 1990 3186
26 4 622 812 2867 1650
36 1 1952
27 4 2028 2878 2469 1421
36 5 3220 1836 2156 2198 2441
19 5 2574 2519 1288 942 2729
40 4 2642 1061 2332 494
21 4 816 2101 1210 1658
17 2 3006 2309
27 1 2425
23 1 2311
28 2 140 2703
25 5 3154 105 300 1590 3141
28 5 2360 2629 2426 2176 2998
29 5 910 2800 2521 1704 3024
28 2 2729 2590
28 2 2831 2513
25 2 2223 2311
33 3 1636 1967 3185
35 3 1686 3043 606
32 4 2835 1887 2251 2952
36 3 3230 3209 1419
27 3 1162 2819 144
27 1 1665
27 4 2362 1682 2166 1710
26 1 1835
23 5 3051 837 2326 2232 2850
36 2 693 3235
22 1 2607
35 5 21 693 2337 2628 1067
21 5 662 2102 2611 2795 3094
30 3 3024 687 2693
24 1 911
34 5 953 2739 1111 1622 599
33 4 1238 1047 1960 1583
31 4 2812 2176 2629 1824
29 2 2340 2646
26 1 1182
29 4 2597 1971 2970 461
32 1 2252
23 4 789 637 2670 3213
27 4 2873 1501 2245 945
28 4 2425 1936 2099 2833
31 5 2412 2568 1512 1393 2511
22 5 2360 1999 2670 463 1195
31 2 2144 491
23 3 2627 2156 3129
19 3 3202 2651 2726
24 1 3044
37 4 2382 170 3055 2872
34 2 3203 484
29 1 1401
38 5 3212 1204 2866 2316 1496
25 2 2129 2709
38 5 112 327 902 2172 3132
35 5 1871 2738 1530 774 2945
27 1 2578
34 2 758 3084
28 5 1647 2800 2723 2239 1068
36 1 783
30 3 2788 443 1354
21 3 739 2522 2562
31 2 1896 2852
38 1 3106
25 2 2043 1770
31 4 844 1791 420 783
28 4 993 1926 1791 1888
23 1 1075
24 5 2150 297 1364 1224 1099
34 3 2830 3032 991
34 4 329 1341 1806 3035
31 3 2302 2939 2224
32 4 339 1382 2783 1763
28 3 870 38 2163
33 3 650 2805 363
35 2 862 1932
25 5 2290 1005 2844 2577 1496
33 5 258 619 2334 2561 1990
35 2 1375 1728
27 2 446 2054
27 1 2254
29 3 1982 97 262
32 2 2069 3082
23 2 638 1596
34 4 821 1276 1200 1687
25 4 3018 1794 506 2626
39 4 2197 1187 3116 469
25 4 1867 2588 1934 1822
35 1 2873
24 4 2529 1716 597 2627
25 2 2689 1838
31 2 1796 2445
26 1 2795
33 3 2628 2253 835
24 5 2517 2791 2800 2515 647
22 3 2772 1682 1384
29 2 1063 543
32 1 976
30 4 341 2932 157 515
34 5 2969 2066 964 2774 2594
35 1 2815
33 4 2426 1948 2701 2274
33 2 2708 988
24 1 982
25 1 957
30 1 2728
34 5 448 1606 1803 2956 966
32 4 1808 1417 725 1679
39 2 2865 3020
27 3 2735 2369 317
25 4 3230 1385 1440 2056
37 4 860 2801 2407 321
35 1 1499
26 2 289 3219
19 4 2677 2797 3029 1444
30 1 2778
25 5 2533 2271 2679 2222 1200
28 4 2010 1122 1600 3083
19 2 1596 2608
17 3 2164 1735 2954
34 1 1838
32 5 2597 1162 1845 3049 1468
40 4 1203 2121 525 2557
38 5 2402 2687 1067 1243 464
43 5 1218 2735 2435 3052 2438
31 5 2004 2470 2023 2703 49
37 5 1181 2859 2589 3167 2588
21 4 1911 2867 2756 179
37 3 1901 1957 2295
31 2 2381 2604
33 3 1837 1994 2829
26 5 1726 800 3044 2287 1962
25 2 2782 2595
27 5 2304 2454 2196 1372 2766
36 1 1008
35 3 1343 2077 1854
35 3 1982 2080 2648
35 5 2250 2852 891 3053 1112
31 4 2440 2986 3048 2647
25 1 1724
21 4 429 1936 2464 2685
37 1 1781
32 2 2704 2590
28 1 3202
32 5 1187 2315 2560 3009 2912
22 4 2065 1497 336 921
28 2 2802 1909
25 5 1215 1515 1893 2371 945
38 4 2459 897 2568 3160
26 3 1610 1573 2123
31 1 2641
34 4 2470 2476 2525 682
17 4 2913 1602 1514 902
23 2 2538 2697
23 1 2027
37 1 2878
24 1 1671
40 3 2731 2806 2735
27 2 2729 512
23 2 2538 1935
30 2 1008 419
32 4 390 1404 1422 828
26 2 3055 1205
31 3 2879 2856 992
27 1 2657
30 2 1672 777
23 2 738 1600
36 3 3078 2035 2983
30 4 2904 2726 1646 1774
28 4 1728 1915 2662 1293
22 5 2000 2613 2147 2216 3073
25 1 2220
26 1 2195
29 4 1380 894 1044 2602
31 3 2806 2525 2905
31 1 500
32 4 1930 2000 328 2137
31 2 2982 1622
22 4 2469 2843 2502 261
27 5 2071 2453 1876 2515 1676
31 1 1578
24 5 612 853 1850 749 1655
40 4 2061 2547 169 2755
34 4 1989 1546 2046 814
29 5 3154 2765 2075 3102 2831
26 4 1603 1473 1404 1289
26 2 1121 2822
31 1 784
33 4 1690 808 897 2263
27 2 564 1443
34 4 2866 1352 1075 1650
31 4 849 1237 248 2164
31 4 1594 2612 2730 1447
26 5 3190 3120 2709 3074 1722
29 5 1869 2902 607 2245 2913
34 1 1238
25 4 951 1414 1792 3193
28 1 2256
27 4 2818 2303 687 2344
20 5 3052 1554 1750 2420 1965
26 3 2684 1188 1859
23 4 1677 1833 2771 3183
34 2 1830 795
32 4 1652 859 2731 2112
31 4 3153 2938 3005 2709
31 3 2936 518 2923
36 3 1228 2717 1989
22 5 2385 2242 3035 1907 1953
34 2 2792 2433
36 3 2479 1739 2039
30 3 1836 2286 2290
32 3 3036 1039 1648
28 3 1807 1455 2702
28 1 1122
44 5 1155 1621 1387 1154 1473
29 2 864 3150
24 1 2926
33 3 1258 2967 734
24 1 2162
25 2 2690 1636
31 3 1834 2520 1759
25 4 1035 2819 555 496
24 3 331 1098 3099
29 1 2028
35 5 2977 1795 2792 2669 1957
29 4 1605 123 410 2806
24 1 1354
24 4 1279 3098 3244 747
40 1 1156
31 3 753 2820 2287
26 1 1836
36 2 2708 2797
26 1 3034
30 1 1065
23 3 3065 3000 2546
32 1 3171
15 4 2695 2059 3006 2547
28 3 1537 1376 2369
28 5 1562 2554 771 2643 2295
24 3 2703 2606 1168
24 3 1553 1860 3133
24 4 684 2058 1873 2586
31 3 1536 695 564
33 1 2737
34 3 1941 3006 2380
30 5 2836 1186 2093 1558 25
37 3 2046 2600 2195
30 4 548 1834 875 2581
33 1 943
35 4 694 1132 1136 1580
23 2 866 2521
40 1 3116
29 1 3072
20 4 2340 3233 3016 2648
25 3 2653 1425 1289
29 5 2717 2886 1791 2141 2533
26 4 332 350 773 1758
29 5 2934 690 2859 1721 1664
27 3 2604 2724 2905
29 3 3049 3149 992
30 5 1849 720 691 1810 2167
33 1 2768
28 1 768
26 2 1402 1655
24 3 2819 1644 1117
37 2 2531 2282
35 2 2868 2796
27 2 2818 678
25 5 1631 1359 2980 1391 445
26 3 2795 573 2990
29 2 3162 3153
25 3 1861 1457 1089
25 1 2714
27 4 3098 2045 2414 1066
31 5 2994 2302 2895 754 3023
23 3 3050 1332 2072
36 4 2021 2279 2058 1257
27 3 2091 2021 2087
32 5 391 3232 2958 2828 1002
31 5 2284 3008 2135 2113 375
31 4 2513 2565 693 2631
29 4 1887 986 1390 1148
28 1 1957
30 2 2604 2860
29 5 1600 1385 2236 1794 2490
15 3 2810 23 2875
27 5 564 2588 2246 1661 308
38 4 2051 2888 580 709
19 4 503 1716 1186 2291
24 4 484 638 2742 1782
34 3 611 1057 2780
31 5 673 788 2742 1077 3153
33 5 389 2888 481 2193 1288
39 4 3041 1540 475 1674
25 4 1717 1558 2175 1049
29 3 1350 1411 1178
30 2 2707 236
24 4 1449 1953 1796 2331
34 3 2935 1977 1269
27 2 1177 2347
32 2 348 1033
32 4 2049 2473 2836 2105
31 4 3010 449 2142 245
33 2 2008 912
30 1 2332
34 5 1612 2513 2753 1057 3086
30 1 1057
20 2 1224 1812
25 3 1394 368 262
25 3 3248 1416 2121
37 1 1517
27 4 2425 788 2249 2006
37 2 727 1451
34 1 1715
35 5 3154 1913 2611 2870 2060
28 1 2708
33 5 1545 1564 2512 940 2702
34 1 2246
28 4 1751 2097 3008 2853
31 3 2578 1955 2959
35 5 18 2508 3011 1666 1777
20 4 2004 1823 1545 2378
25 4 2646 1784 1551 1268
28 5 3006 3236 2222 2839 2052
38 5 2740 2604 2520 2067 1695
31 1 2461
26 5 2902 2842 2931 286 2078
31 5 2496 2582 526 2619 1279
31 3 3027 285 2456
27 4 1199 2953 1240 322
28 2 2049 2975
32 5 757 1053 2350 2634 2241
30 4 325 1550 2186 2808
30 1 3003
22 1 2640
23 4 2834 2848 2668 2726
27 5 1279 2342 2967 2307 1869
39 2 1637 841
35 4 2585 3215 792 2849
29 5 3186 2844 468 1880 3019
33 1 3180
25 1 3237
25 3 2816 2818 2221
28 4 1002 717 2670 1751
35 3 3238 1932 1561
25 3 1256 1955 645
23 4 3091 173 2380 2703
29 4 2950 1056 1192 1163
35 2 1920 2310
33 4 2816 1867 3106 591
28 4 2638 2962 3174 2400
26 5 1636 2340 1021 2566 954
28 5 2405 2009 2667 1574 2301
21 3 3002 3054 2799
33 3 3041 2548 2219
29 4 1165 3039 3244 3249
24 2 3025 891
33 1 2710
27 2 776 381
31 3 812 757 1211
30 3 2000 1236 1666
27 5 606 2899 2977 1555 833
31 3 1645 3016 2540
27 1 1079
35 3 2563 901 1375
25 2 135 1985
31 2 2454 1895
35 5 2454 2191 2936 1407 2897
38 1 2396
29 2 2318 2205
27 4 2512 310 1101 1418
31 1 2244
36 5 2760 2741 1186 1418 1326
34 4 1189 3060 2187 2400
32 1 1089
21 5 634 2894 779 486 1268
34 2 466 981
28 2 1864 1869
30 2 1277 118
29 4 2558 334 1365 2527
29 3 1099 2582 3038
30 2 2585 1127
34 5 1477 3165 1302 1678 1503
28 3 1556 1971 3088
28 3 2622 579 2012
35 5 2768 584 2925 3144 818
17 3 2535 544 968
26 1 2659
33 3 3217 2662 2066
24 4 311 609 2886 444
26 1 3069
27 5 3037 1031 2911 1572 2854
24 2 255 910
20 3 335 1816 1745
23 4 2006 1061 2196 1992
23 3 3034 2629 2436
35 3 2706 2940 537
31 4 1109 2781 2606 3107
29 3 1353 1261 1777
32 4 1757 2441 1745 1763
30 2 915 408
43 2 2790 3091
28 4 3197 1689 1762 2921
26 3 1813 3039 2822
41 3 3241 2445 1500
29 1 2076
39 1 3067
32 4 2526 1555 575 1781
41 1 2625
31 3 1350 1341 2296
30 5 2273 677 2439 1527 1902
40 4 2845 2826 258 979
34 5 2379 3115 1790 2703 2953
33 2 2741 1473
30 1 1228
31 1 2706
31 1 2599
24 1 2656
29 1 3129
28 5 819 1490 1780 1584 1347
33 2 468 1497
31 3 545 2636 401
29 4 1844 2910 1855 419
22 4 801 1763 2185 918
18 1 2942
30 2 1779 3206
17 4 2746 2444 963 2905
20 2 1896 1603
27 5 1281 2145 1094 2876 2960
36 2 1707 2179
29 3 47 2360 999
28 4 899 2640 2476 1593
17 4 2909 1348 2595 2863
27 4 1667 2760 3070 3000
24 3 1963 2017 1609
25 1 1997
38 4 882 2746 2099 2484
28 1 2482
34 2 1669 469
18 1 353
29 1 2019
36 1 1674
29 4 2764 2882 2528 1249
35 5 1826 1744 3053 1373 3158
27 5 2360 2984 1170 2342 1310
36 5 2356 2424 211 2494 945
26 5 2126 1065 864 1624 1973
39 5 2820 2659 1200 3146 497
33 1 2036
30 2 1540 1966
30 3 2001 1311 1727
27 1 2144
28 3 2190 542 1288
25 5 184 2276 586 1650 3023
26 1 1348
28 1 1918
36 5 2157 1732 1885 2251 1282
21 5 314 3132 336 619 1927
32 4 1947 1525 2316 2065
24 5 3002 2368 3204 1204 1702
28 4 934 3014 1474 2726
26 3 705 1960 566
28 1 3218
30 3 2751 2658 1767
22 3 878 2028 2586
40 4 2621 774 2855 678
34 2 2855 844
30 5 2317 3208 2874 2836 381
27 5 2261 1443 2018 2000 2397
37 2 679 1428
25 2 2999 2825
28 3 2282 2497 3193
32 5 2095 3010 2771 1515 619
41 4 2864 2889 596 1300
25 3 1973 3004 2044
23 4 2537 1615 3051 2566
31 1 552
26 3 2437 2444 929
22 5 2726 3164 1137 576 2264
28 5 985 3243 1599 880 83
35 4 2689 2571 544 303
29 1 1503
33 5 2099 2673 567 2054 2851
30 2 2188 823
31 4 188 796 3003 2006
26 4 1994 1187 2721 1774
28 3 2685 2545 2667
30 4 1874 1173 1280 356
32 1 2470
35 5 2714 3104 3130 3241 2018
26 2 2909 2783
39 1 1189
39 3 605 2617 2912
37 2 1040 2766
20 4 2662 2675 2404 1053
26 5 3027 2711 2358 837 2109
22 3 2070 2931 2452
33 3 2883 1800 3156
26 4 1907 1025 2691 2816
27 2 1587 464
31 2 1575 2971
32 3 1841 1311 1285
26 4 2620 546 903 397
29 5 2772 403 870 2435 960
22 5 1131 2571 2602 2919 2189
29 3 1666 728 2099
35 5 3170 310 3001 1361 1431
32 1 1818
28 1 2193
26 5 2638 2297 2844 1017 2640
33 2 928 1205
30 3 1006 2135 3176
30 4 1957 2259 1526 2325
30 4 2228 2150 1164 2050
22 5 2618 2908 1385 351 3201
23 3 420 2981 583
24 5 2498 2423 2257 257 2014
23 3 964 1814 2571
29 1 2955
27 5 2228 1905 2389 1381 1049
28 4 2714 2944 324 3179
25 5 1489 2234 2388 1808 1849
27 3 1127 1312 2712
32 1 2656
37 3 2542 2742 2167
24 5 1193 1803 573 1162 1762
28 1 2467
30 2 1106 2853
35 5 1683 896 449 1528 2345
30 2 1977 3071
30 3 851 871 1560
37 2 1814 2742
22 4 348 2166 2255 1363
37 5 2886 1555 468 760 2536
35 5 923 2959 2268 1675 2534
32 2 2951 1577
36 2 449 2339
26 3 1748 2160 1045
28 3 1581 1071 1930
26 2 2914 1520
29 5 2433 2723 2969 2979 2923
30 4 1463 1900 2532 2958
32 5 2454 2975 2251 958 3101
14 1 2068
11 2 2744 2889
18 3 1719 778 2650
25 5 2192 1919 3176 2669 932
29 1 2527
30 3 3008 1098 321
26 3 2676 532 1960
22 3 10 2942 1935
35 4 2893 2976 1243 1781
42 5 2886 2694 1524 1374 2164
27 2 1246 3117
32 1 2634
36 2 2880 2612
32 5 1006 262 2395 2929 3211
21 2 1507 3090
30 4 1515 2537 2828 2361
34 3 775 993 2186
34 4 1992 927 3094 1834
26 5 1477 891 2866 3070 3083
38 5 1381 2720 1682 1841 1468
33 4 1185 1241 2546 2759
18 3 2765 3005 2992
30 5 3027 3013 1420 2766 3200
36 1 122
30 5 2780 1794 1731 158 744
37 4 2518 2816 413 311
32 2 1202 1079
30 2 2979 1330
30 5 989 2312 721 3124 2401
28 1 2108
27 3 1767 1466 1851
27 4 1028 2586 721 2296
25 3 1728 1945 432
33 2 2170 2356
30 1 579
26 2 3195 3205
28 5 2869 1611 197 2551 1326
25 4 2311 2497 1881 3218
24 2 2838 2896
29 5 1196 277 3191 3096 2183
28 5 1275 3005 2756 1647 3012
24 1 296
34 2 2502 2008
24 3 2676 2322 2146
33 2 667 2291
30 1 2939
36 5 707 1908 2912 782 2076
31 5 2555 3099 2899 2729 1443
25 4 2742 1645 1089 1042
27 5 2057 450 2546 2461 2666
25 4 781 1176 2975 1504
39 2 3162 2732
34 1 869
28 4 1986 2943 2443 2826
42 1 2576
33 2 2779 2380
35 4 2230 657 2850 698
26 3 1907 2035 2071
17 2 139 2630
30 4 3206 2732 1854 562
32 4 325 1745 1777 1584
25 4 2673 250 1709 1937
30 1 2707
34 2 2289 1118
31 5 2937 609 380 2678 2575
25 5 1587 2400 2044 2809 2949
30 5 1017 1836 1975 2523 900
30 4 1718 1631 723 254
39 1 2804
20 1 969
24 4 654 890 1124 3132
16 4 3019 1413 2114 2796
34 1 562
35 3 2604 1721 1821
32 1 3004
30 2 3247 2633
29 1 2731
26 3 425 1962 1866
31 5 1243 2554 3119 2778 1460
33 1 2628
31 1 263
43 1 319
28 1 1181
27 4 1632 705 2201 1791
32 5 880 1690 515 2866 1814
35 5 2643 1766 1549 2105 3174
34 5 2602 1904 2457 1822 3217
29 3 1142 1870 1556
37 2 922 2721
27 1 2881
21 2 3030 2861
36 3 1799 1817 1022
30 5 2603 2698 2176 1798 1159
32 5 2596 3217 3162 1882 2652
24 2 3234 808
27 5 551 2521 2770 2509 2507
25 3 1511 889 2806
22 4 2815 486 2504 1171
31 5 2741 2543 872 1008 2387
23 2 921 781
30 2 1507 913
31 4 2593 1106 520 2518
21 1 1324
31 4 2665 2240 2846 2598
20 4 3228 1217 3004 897
34 5 1312 1548 1974 1721 2604
25 1 1605
25 3 453 2433 2711
28 4 2922 1543 1835 269
20 3 933 2379 2929
28 5 3077 3236 3243 2165 847
35 1 3061
32 4 2810 265 2320 1092
28 1 1446
37 2 2900 2870
32 1 2616
36 2 2883 3074
29 1 2843
35 1 1769
28 1 1741
33 4 912 3010 728 1144
27 1 1694
21 1 2138
33 1 3040
33 1 1786
25 3 1291 2585 2850
33 5 2054 373 2011 1645 1363
28 5 1448 2797 1353 2180 2552
29 2 2434 1155
29 3 2741 1143 2728
25 3 1927 2477 687
26 1 2766
36 4 946 2335 262 762
26 4 2222 1200 1804 2403
29 5 2141 2352 1337 2471 2285
22 1 617
35 5 2128 724 269 1206 3050
22 1 2502
34 4 1613 1618 948 2598
28 5 2425 2407 2248 2698 2497
32 5 2753 1825 502 1674 2079
34 2 2176 718
32 1 3235
30 5 2271 2890 3106 1537 1098
34 5 2881 2276 1035 3078 2219
21 1 2566
28 1 1191
30 4 2718 2809 2618 3018
29 3 1543 2221 797
27 4 3083 1525 2178 2840
32 3 2995 85 477
35 1 1401
29 2 1517 1317
34 4 517 2718 1632 1343
28 1 2543
29 2 2642 521
27 2 2364 2248
38 2 1638 3110
33 5 267 2949 2329 1306 1680
34 3 466 2374 940
32 5 272 2756 1975 1967 1493
25 4 1047 2991 2771 2079
32 4 356 677 1478 2556
35 4 1778 2839 2111 2187
37 1 2738
35 4 1482 1452 1655 1722
23 5 1040 742 2618 1336 1917
31 5 198 2310 2546 2604 2945
28 3 2269 2604 2933
37 5 510 2487 1849 3249 2749
27 5 792 869 2632 1201 1048
32 2 1601 2988
37 1 1836
28 2 1497 2327
36 3 1607 2660 2399
31 2 2667 2708