1 767
1 1413
2 674
2 1478
2 576
2 1379
3 1389
3 617
4 531
4 1053
4 1210
5 1155
5 1364
5 821
6 958
6 1287
6 999
6 828
7 873
7 1116
7 844
7 1431
8 739
8 1201
8 1133
10 561
10 806
10 1363
11 1037
11 882
12 1029
12 1442
12 1365
12 806
13 691
13 1341
15 549
15 1275
15 1367
15 1246
17 792
17 710
18 757
18 1292
18 895
19 1195
19 836
20 817
20 1031
21 1352
22 1021
24 1074
24 919
24 1464
24 805
25 600
25 1429
26 603
26 1443
26 625
26 934
27 1055
27 703
29 1150
29 1497
29 1094
30 1278
30 909
31 1288
31 1143
31 538
32 563
32 1278
33 589
35 1019
35 540
36 628
36 1289
36 739
36 1412
37 582
37 1230
38 698
38 1325
38 1325
38 1189
40 736
41 1061
41 559
41 1033
42 820
42 1331
42 1034
42 806
43 1235
45 1443
45 1262
45 793
45 890
47 1332
49 630
49 614
49 1378
49 1313
51 1296
51 635
52 531
52 1203
53 1266
55 559
55 843
55 1145
55 1389
56 736
57 1011
58 1466
58 1013
58 819
59 898
60 723
60 932
60 1336
61 957
61 1498
61 1096
63 544
63 1044
63 737
63 734
64 1232
66 1047
66 1113
67 1463
68 575
68 938
69 1350
69 1238
69 1263
70 1341
70 583
70 819
70 1329
72 983
72 799
72 1286
72 1268
74 1384
74 772
74 1385
74 1451
75 983
75 1013
76 1254
77 541
77 779
77 1038
77 1139
78 540
78 815
78 1130
79 1454
79 1445
79 722
79 1306
81 659
81 1416
81 1456
81 1212
82 812
82 1026
82 1060
83 1355
84 1043
84 535
84 1314
85 570
87 691
87 777
87 1370
87 943
88 504
88 568
88 1454
88 1334
89 842
89 664
89 709
90 1381
90 601
90 545
90 1086
91 1231
91 686
91 668
91 1056
92 534
92 1219
92 929
93 669
93 509
94 530
94 614
94 739
95 1094
96 537
96 1382
96 1475
96 964
97 1496
97 1429
100 507
100 816
100 682
101 579
101 1350
101 1120
101 1277
102 574
103 764
103 1319
103 1222
103 933
105 1332
105 1300
105 963
105 857
106 1386
106 1044
106 918
106 1047
107 1027
108 1216
108 1151
108 960
111 1467
111 689
111 713
113 624
113 750
114 594
116 1290
116 1499
116 1304
117 1108
118 1147
118 606
118 1410
118 1203
119 815
119 866
120 749
120 1177
121 1298
122 1164
122 1364
122 933
122 1320
123 875
124 1332
125 662
126 1153
126 1154
126 1454
127 1317
128 1314
129 801
129 823
129 1091
130 895
130 1172
130 661
131 1481
132 544
133 1282
133 601
133 1216
134 1392
134 1245
134 1370
135 994
135 1082
135 617
136 622
137 879
138 1367
139 1271
140 589
140 568
140 1491
140 731
141 550
141 505
142 667
142 1265
142 1348
142 828
143 708
143 1328
143 1137
144 884
145 936
145 1058
145 638
145 768
147 1390
147 911
150 603
150 535
150 974
151 1099
151 595
151 706
153 592
153 717
153 1113
154 645
154 616
155 690
155 1050
155 1253
155 704
156 1147
156 749
157 1429
158 1316
159 1244
160 680
160 1199
160 1206
163 1219
164 1477
164 1330
164 692
165 1198
165 1026
167 716
167 1041
167 1032
167 971
168 1480
168 623
168 596
168 1370
170 514
170 1212
170 1211
170 927
172 1384
173 819
173 729
173 1178
173 1042
174 822
174 1059
174 1435
175 1142
175 637
175 785
175 815
176 586
177 1395
178 668
178 581
178 753
178 1305
179 1116
179 1017
179 879
180 663
180 1224
180 977
180 843
181 1370
181 898
181 1251
182 1457
182 629
183 1026
184 742
184 562
184 1091
185 1396
186 1083
187 1485
189 1427
189 1179
190 519
190 873
190 509
190 511
191 1213
193 672
195 852
195 865
195 1068
199 1349
200 688
200 755
201 704
203 925
203 560
204 1369
204 1462
204 1176
205 595
205 1151
205 1135
205 570
206 1220
206 1179
208 700
208 1398
209 775
209 671
210 955
210 939
210 547
211 926
211 801
211 1237
212 1169
212 1298
213 1025
213 912
213 972
213 941
215 1254
215 1084
215 1108
216 1450
218 1171
218 1100
218 1469
218 1447
219 1291
219 937
220 653
220 958
220 545
220 639
221 1385
221 1075
222 908
222 1160
223 1189
223 677
223 1267
223 1173
224 1284
225 516
225 768
229 1390
229 1274
230 1312
231 736
232 829
232 616
233 782
233 1084
233 568
234 760
234 912
234 1130
234 1206
236 1055
236 695
236 800
238 953
239 665
239 1114
239 1066
240 1146
240 1153
240 1171
241 521
241 524
241 637
241 1497
242 1131
243 554
244 507
244 1082
244 1014
244 883
247 978
247 748
247 1103
247 1237
248 1389
248 1489
248 815
249 1029
249 656
249 782
250 546
250 631
251 1283
251 906
251 627
252 1066
252 1456
252 801
252 926
253 1161
253 1250
253 1100
254 1423
254 1201
254 945
255 581
256 980
256 1325
256 1197
256 650
258 1303
258 957
259 1400
259 1322
259 1447
260 556
260 704
261 945
261 532
262 738
263 617
263 1480
263 837
263 1058
264 837
264 1038
264 1129
265 1498
265 1382
266 1428
266 1153
266 1397
266 663
267 1062
267 776
268 668
270 1002
270 1214
271 512
271 1243
271 602
271 843
273 911
273 1001
273 1354
273 1009
274 887
275 523
276 1027
277 858
277 596
277 1042
278 816
279 787
280 1319
281 1231
281 506
281 1251
282 1451
282 1480
282 1139
283 633
284 1461
284 959
284 916
284 722
286 1467
286 1255
287 1188
288 527
289 566
289 1081
289 624
289 668
290 846
291 917
291 645
291 1388
291 989
293 1233
293 680
293 570
293 599
294 1015
294 1230
294 1233
294 1233
296 1405
296 978
297 817
297 837
299 1425
299 1368
299 988
300 923
300 1354
300 1190
301 1224
302 1047
303 973
304 630
304 1480
304 783
305 857
305 1310
305 1390
307 729
307 783
308 788
308 781
309 609
309 652
309 1042
309 1164
310 523
310 1041
311 1230
311 1429
311 821
312 714
312 1177
312 909
313 1189
314 961
314 1034
314 1137
315 523
315 1037
315 891
316 945
316 695
316 1279
317 1480
317 621
318 1060
318 571
318 1057
320 539
320 1100
320 1160
320 985
321 977
321 869
321 554
321 730
322 695
322 1488
322 1307
323 1369
323 580
324 964
324 995
324 1138
324 1467
325 874
325 1296
326 1269
326 655
327 583
327 1177
327 686
327 521
330 1475
330 1003
330 945
330 907
331 1499
331 1128
331 656
332 1109
332 915
333 831
333 950
333 1354
334 1366
334 1416
334 1128
335 1482
335 908
336 1032
336 800
336 761
336 979
338 1422
338 1378
338 862
340 1429
340 1221
340 1457
341 529
341 1458
342 1136
342 1385
342 1232
343 580
343 856
345 623
345 1337
345 719
346 1141
346 873
346 1437
346 515
347 695
347 949
349 530
349 971
351 1085
351 569
353 1271
354 862
355 1110
355 624
355 1103
356 1044
357 707
357 1328
357 674
358 959
358 1198
358 1021
359 995
359 1298
359 1102
361 782
361 1334
361 1429
362 930
362 577
362 1009
362 1306
363 1146
363 1127
363 1242
364 904
365 1237
365 544
365 1424
366 1396
366 1109
366 995
367 1154
368 890
368 843
368 846
368 1217
369 864
369 1279
371 1062
371 677
371 590
371 722
372 1030
372 915
374 1430
374 628
374 897
374 1046
375 1206
375 660
375 946
376 716
377 551
377 1119
377 1447
378 1372
378 797
378 725
378 1114
380 1301
382 716
382 1154
382 1271
383 1271
383 646
383 1177
384 1482
384 657
384 993
386 1146
386 1110
386 1055
386 1493
387 1039
387 1197
387 1415
387 870
388 1218
388 927
389 831
389 1111
389 1431
390 508
390 1312
390 1313
390 1483
392 1264
393 1325
393 677
394 582
394 1406
394 1184
394 737
395 1064
395 1398
396 529
397 1290
397 1339
398 769
398 531
398 1206
398 1274
399 676
401 645
401 587
402 1084
402 742
403 904
404 589
404 944
406 1202
406 1184
406 938
406 1011
407 1286
407 1452
408 1181
408 782
410 1411
410 1216
410 952
411 1201
411 522
411 1386
411 531
412 580
413 1098
414 1388
415 988
415 939
415 570
417 684
417 734
418 687
419 945
421 1432
421 1226
421 1305
421 802
422 1322
424 765
424 505
424 630
424 1309
425 658
425 571
425 1080
425 1070
426 1139
428 1365
428 855
428 1219
428 1005
430 1145
431 582
432 1189
434 693
434 1184
434 892
435 728
437 1314
437 1032
437 1113
438 1103
438 583
438 988
438 1168
440 745
442 1458
442 643
442 860
444 705
444 1225
444 620
445 1107
446 1101
446 859
446 1253
446 610
447 766
447 1211
447 1005
448 758
449 1160
449 1482
449 1041
449 654
450 1274
451 1097
452 1306
452 565
453 1257
453 1238
453 948
453 711
454 701
454 761
455 611
455 798
455 620
455 1362
456 1470
456 752
459 641
459 1150
460 739
460 697
460 1088
460 962
461 931
461 701
461 993
462 535
462 1100
462 981
462 632
463 993
463 1398
463 1144
464 855
464 871
464 741
464 1456
465 1323
465 1344
466 1375
467 1049
467 553
467 582
467 870
468 886
468 935
469 867
469 708
469 597
469 1177
470 1082
470 534
470 662
471 1357
471 946
471 1035
474 1172
474 1180
474 655
474 603
475 726
475 1062
476 502
476 1214
476 566
476 745
477 959
477 602
477 1485
477 1222
478 1211
480 1490
483 1451
483 940
484 1191
484 852
484 1027
485 1265
485 657
485 937
485 1327
486 960
486 819
486 517
487 1427
487 560
487 1028
488 1426
488 883
488 1434
488 670
490 934
491 981
491 1350
491 682
492 1340
492 1299
492 1011
493 837
494 1321
494 1374
494 1318
495 578
495 669
496 620
496 571
497 1370
497 846
497 618
498 851
498 962
500 824
503 1236
503 1132
504 1258
506 1261
506 1354
506 1161
507 1278
507 1340
507 1406
508 1329
508 1380
509 1097
509 1450
509 1400
510 1241
510 1257
513 1048
514 1390
514 1430
514 1337
514 1017
515 1269
515 1009
515 1401
515 1470
516 1415
517 1490
517 1042
517 1210
518 1229
518 1218
518 1111
519 1382
521 1445
521 1235
521 1065
521 1409
522 1424
522 1362
523 1412
524 1172
524 1146
525 1254
525 1342
525 1178
525 1090
526 1108
528 1173
528 1355
528 1437
529 1230
529 1219
529 1445
529 1352
530 1438
531 1397
531 1212
531 1142
531 1099
533 1406
533 1251
533 1109
533 1312
534 1419
534 1080
534 1397
534 1284
535 1026
535 1415
536 1049
536 1487
536 1274
537 1187
538 1115
538 1427
538 1142
538 1198
539 1398
539 1041
539 1263
539 1371
540 1339
540 1410
540 1032
541 1017
541 1271
541 1415
542 1327
542 1454
543 1377
543 1076
543 1452
545 1089
545 1308
546 1305
546 1130
546 1157
547 1318
547 1271
548 1232
548 1226
548 1194
548 1023
551 1169
553 1209
553 1337
553 1398
553 1452
554 1301
554 1119
555 1090
555 1156
555 1297
555 1078
556 1260
556 1067
556 1267
556 1009
557 1458
557 1067
557 1460
559 1153
559 1127
559 1273
560 1329
561 1376
561 1381
562 1040
562 1023
562 1231
562 1382
563 1314
563 1106
564 1005
564 1239
564 1382
565 1424
567 1279
567 1274
567 1056
568 1391
568 1092
570 1497
570 1281
570 1386
570 1247
571 1355
571 1129
571 1157
571 1102
572 1394
573 1063
574 1147
574 1286
574 1207
575 1380
575 1352
575 1260
575 1192
576 1129
576 1053
576 1017
577 1462
578 1040
578 1408
578 1035
578 1460
579 1045
579 1442
580 1145
580 1262
580 1095
580 1428
581 1289
583 1208
585 1147
585 1448
585 1499
585 1226
586 1114
586 1386
586 1464
587 1436
587 1179
587 1466
587 1360
588 1124
588 1025
588 1367
588 1014
589 1322
589 1076
590 1230
590 1214
590 1375
591 1128
591 1430
591 1192
592 1239
592 1073
593 1452
593 1401
593 1430
594 1101
594 1255
594 1334
595 1168
595 1328
596 1116
596 1402
597 1120
597 1394
598 1226
598 1423
598 1122
598 1113
599 1412
599 1036
599 1448
599 1144
600 1453
600 1364
601 1280
601 1111
601 1041
601 1360
602 1277
602 1358
603 1242
603 1257
605 1284
605 1100
606 1342
607 1337
607 1090
607 1408
607 1150
608 1432
608 1121
608 1104
608 1159
609 1308
609 1369
609 1393
609 1273
610 1344
610 1226
611 1307
611 1037
612 1308
613 1212
613 1453
613 1337
614 1129
614 1206
615 1078
616 1148
616 1135
616 1153
616 1005
617 1172
617 1131
617 1154
617 1344
618 1476
618 1205
619 1238
620 1103
620 1050
620 1001
622 1095
623 1486
623 1448
623 1200
624 1459
625 1299
625 1240
625 1068
628 1435
628 1290
628 1323
629 1261
630 1311
632 1492
633 1414
633 1377
635 1039
635 1302
635 1292
636 1053
636 1380
636 1370
637 1249
637 1217
637 1013
637 1283
638 1151
638 1095
638 1064
639 1240
639 1403
639 1013
639 1157
640 1328
640 1167
640 1358
640 1093
642 1482
642 1492
642 1239
642 1020
643 1159
644 1109
644 1388
644 1094
644 1150
646 1003
646 1344
646 1297
648 1293
648 1334
648 1276
648 1168
650 1198
651 1224
652 1183
652 1206
652 1103
652 1064
653 1244
653 1303
653 1219
653 1222
654 1395
654 1417
655 1382
655 1372
655 1263
655 1242
656 1426
656 1415
656 1342
657 1252
657 1068
657 1343
658 1450
659 1288
659 1449
660 1437
660 1152
660 1152
660 1216
661 1132
662 1207
662 1426
663 1004
663 1051
664 1495
666 1137
666 1181
667 1118
667 1283
667 1233
667 1189
671 1379
672 1252
672 1352
672 1166
673 1355
673 1273
675 1195
676 1299
676 1253
676 1295
677 1003
677 1179
677 1415
677 1494
678 1473
678 1042
679 1150
680 1037
681 1038
682 1323
682 1019
683 1032
683 1205
683 1082
683 1245
684 1328
684 1459
685 1218
685 1341
687 1091
687 1480
687 1303
688 1006
689 1273
689 1271
690 1030
692 1364
692 1388
692 1443
693 1329
695 1491
695 1210
695 1020
695 1179
696 1128
696 1444
696 1178
696 1159
697 1139
697 1298
697 1395
697 1257
698 1427
698 1083
698 1205
700 1189
700 1474
700 1256
702 1016
703 1315
704 1330
705 1195
705 1199
705 1440
706 1076
706 1083
706 1432
707 1404
707 1267
707 1105
707 1412
708 1175
711 1030
711 1473
711 1319
712 1209
712 1455
712 1241
712 1337
713 1496
713 1272
713 1463
713 1372
714 1379
714 1168
714 1476
714 1136
715 1436
715 1136
716 1080
717 1131
717 1445
717 1473
718 1267
719 1360
719 1464
719 1487
720 1053
720 1493
721 1334
721 1377
721 1053
723 1466
723 1385
723 1147
723 1355
724 1499
724 1414
725 1163
725 1083
725 1242
725 1404
726 1063
727 1244
727 1461
727 1231
727 1100
729 1263
729 1424
729 1267
729 1357
731 1355
732 1433
732 1087
734 1236
735 1196
735 1484
735 1177
735 1205
736 1036
737 1375
737 1489
737 1274
737 1006
738 1397
738 1273
740 1216
740 1124
741 1219
741 1366
741 1442
742 1279
743 1475
743 1314
743 1421
743 1391
745 1470
745 1040
745 1339
747 1423
747 1295
747 1408
748 1051
750 1364
750 1342
750 1292
751 1472
751 1065
751 1308
752 1275
752 1373
752 1348
753 1184
753 1146
753 1494
754 1111
754 1354
754 1304
754 1170
756 1411
756 1352
756 1239
757 1491
757 1141
757 1130
757 1215
758 1010
758 1251
758 1017
759 1083
759 1413
759 1246
760 1096
760 1131
760 1433
761 1273
762 1200
762 1044
762 1141
763 1412
763 1228
764 1153
764 1460
765 1384
765 1257
765 1157
766 1238
767 1458
767 1424
767 1455
768 1063
770 1429
770 1379
770 1440
771 1393
772 1494
772 1086
773 1124
774 1014
775 1108
775 1331
775 1485
775 1304
776 1357
776 1335
778 1345
779 1066
780 1233
780 1280
780 1160
780 1124
781 1441
781 1494
781 1436
782 1252
782 1228
783 1398
784 1222
784 1226
784 1191
784 1476
786 1234
786 1003
787 1308
787 1211
788 1397
788 1419
788 1422
790 1055
790 1088
790 1421
790 1045
791 1062
791 1471
791 1027
791 1276
794 1338
794 1415
794 1226
794 1107
795 1269
795 1387
795 1434
796 1081
796 1054
796 1316
796 1011
797 1352
798 1296
798 1277
799 1230
800 1138
800 1395
801 1154
801 1259
801 1109
801 1467
803 1202
803 1361
803 1002
803 1401
804 1466
804 1259
805 1381
806 1474
806 1307
806 1326
807 1158
807 1144
809 1327
809 1009
809 1405
810 1124
810 1170
811 1344
812 1420
812 1161
812 1168
813 1269
813 1416
814 1014
815 1244
815 1051
815 1371
815 1459
816 1070
816 1350
816 1068
817 1235
819 1011
820 1355
820 1083
820 1250
820 1054
824 1391
825 1054
825 1197
825 1293
825 1461
826 1035
826 1435
826 1203
826 1054
827 1252
827 1196
828 1197
828 1428
829 1122
829 1131
829 1472
829 1167
831 1423
831 1146
832 1349
832 1133
832 1106
832 1093
833 1306
833 1437
833 1449
835 1319
835 1119
836 1133
836 1154
836 1191
836 1291
839 1119
839 1133
840 1163
840 1447
840 1283
840 1168
841 1383
841 1152
842 1158
842 1050
842 1492
842 1322
843 1224
844 1272
844 1397
845 1304
847 1064
847 1407
847 1078
848 1031
848 1040
848 1154
849 1180
849 1233
849 1187
849 1188
850 1057
850 1285
850 1185
854 1166
854 1128
854 1448
854 1495
855 1316
855 1495
856 1244
856 1339
857 1247
857 1314
857 1331
858 1431
860 1143
860 1043
860 1288
860 1160
861 1063
861 1183
861 1436
861 1363
862 1466
862 1269
863 1432
863 1151
863 1099
864 1246
864 1318
864 1079
866 1121
866 1395
867 1109
867 1490
867 1443
867 1189
869 1075
869 1318
869 1408
869 1183
870 1258
870 1007
870 1431
871 1153
872 1079
873 1299
873 1254
876 1122
877 1365
877 1168
877 1072
878 1022
878 1261
879 1086
879 1056
881 1085
881 1233
881 1084
881 1473
882 1154
884 1291
885 1280
885 1049
885 1309
885 1133
888 1293
888 1303
888 1294
889 1018
889 1254
889 1189
889 1123
890 1465
891 1396
891 1218
891 1273
892 1416
892 1229
893 1334
893 1454
895 1339
895 1084
896 1275
896 1009
897 1151
898 1167
898 1395
898 1461
898 1088
899 1091
899 1082
899 1071
900 1157
900 1031
900 1274
901 1311
901 1176
901 1349
902 1426
903 1095
903 1131
903 1274
903 1456
904 1415
904 1308
904 1035
904 1347
905 1320
906 1281
906 1067
907 1083
907 1447
908 1470
908 1140
908 1132
909 1230
909 1314
909 1215
912 1259
912 1403
913 1454
913 1117
914 1429
915 1479
915 1169
916 1192
917 1337
917 1049
917 1231
917 1017
919 1278
919 1141
919 1096
920 1210
920 1009
920 1352
921 1272
921 1421
923 1408
924 1259
924 1335
925 1477
925 1387
925 1391
925 1252
926 1263
926 1081
926 1097
926 1448
927 1024
927 1075
928 1036
928 1406
928 1324
930 1020
930 1346
930 1457
931 1153
931 1254
931 1235
932 1013
932 1197
932 1120
932 1298
934 1316
935 1392
935 1043
936 1291
936 1245
936 1426
938 1047
938 1136
939 1017
940 1079
940 1149
941 1228
941 1341
942 1106
942 1335
942 1032
943 1210
943 1140
945 1136
945 1185
945 1408
946 1028
946 1033
946 1384
946 1490
947 1378
947 1243
947 1244
947 1018
949 1014
949 1050
950 1292
950 1254
950 1404
950 1111
951 1304
951 1007
952 1193
952 1085
953 1312
954 1247
955 1500
955 1347
955 1385
955 1115
956 1172
956 1266
956 1387
957 1464
958 1317
959 1367
959 1436
959 1178
959 1072
960 1046
960 1334
960 1169
960 1487
961 1033
963 1241
963 1252
964 1222
965 1386
965 1390
965 1448
967 1291
967 1307
969 1279
971 1121
971 1415
971 1010
971 1460
973 1343
973 1057
973 1025
973 1430
974 1401
974 1105
975 1496
975 1442
977 1146
977 1185
978 1274
978 1338
978 1316
978 1202
979 1425
979 1189
980 1392
980 1112
981 1184
981 1263
983 1197
983 1326
983 1242
983 1422
984 1058
984 1241
986 1277
988 1480
988 1422
988 1119
989 1178
989 1288
989 1071
990 1322
990 1373
990 1130
991 1343
991 1321
991 1204
991 1230
992 1268
992 1202
992 1148
992 1047
993 1218
993 1490
993 1311
993 1281
994 1324
995 1127
996 1365
996 1446
996 1222
997 1324
997 1289
998 1013
998 1450
998 1390
998 1133
999 1101
1000 1010