32 1 1030
18 1 752
35 1 1431
24 1 84
33 1 1199
28 1 561
27 1 1419
36 1 740
21 1 724
34 1 1360
29 1 628
32 1 1050
30 1 602
30 1 676
34 1 1394
33 1 113
28 1 1138
33 1 1234
33 1 1210
29 1 1444
31 1 1113
33 1 565
36 1 505
32 1 586
29 1 855
37 1 1
34 1 1044
30 1 770
29 1 747
30 1 592
26 1 534
27 1 1179
28 1 802
38 1 1196
32 1 587
26 1 927
31 1 891
32 1 696
34 1 526
34 1 634
24 1 998
26 1 869
32 1 1387
35 1 1091
39 1 981
28 1 1462
24 1 1058
21 1 67
29 1 841
28 1 2
28 1 799
30 1 317
25 1 627
25 1 1236
30 1 1070
27 1 1500
20 1 932
35 1 981
29 1 161
30 1 480
32 1 1081
26 1 1429
34 1 918
34 1 1316
24 1 1000
32 1 1312
23 1 1008
32 1 1110
30 1 1449
33 1 439
24 1 1135
29 1 986
36 1 389
34 1 1437
41 1 776
16 1 497
37 1 183
35 1 251
25 1 1467
28 1 1084
32 1 698
30 1 609
35 1 809
38 1 811
30 1 1193
32 1 1021
27 1 856
23 1 1363
16 1 983
35 1 660
32 1 1054
25 1 1321
30 1 1312
29 1 1499
29 1 13
18 1 646
40 1 1437
34 1 143
31 1 783
30 1 1496
29 1 1257
25 1 847
34 1 1139
34 1 1480
40 1 1272
26 1 913
35 1 1432
26 1 1343
31 1 1365
27 1 989
20 1 815
29 1 1112
34 1 1082
28 1 689
36 1 603
25 1 145
31 1 1419
36 1 530
30 1 492
19 1 1338
30 1 1093
28 1 939
24 1 1147
22 1 844
25 1 109
32 1 1456
23 1 1362
28 1 577
24 1 556
29 1 1455
29 1 1468
36 1 1060
26 1 733
33 1 1228
37 1 1233
31 1 1167
22 1 654
31 1 549
27 1 1124
29 1 531
25 1 507
28 1 427
29 1 683
31 1 1415
29 1 1409
31 1 882
39 1 24
32 1 1383
28 1 1308
34 1 602
22 1 896
32 1 63
33 1 1103
23 1 1144
21 1 1297
29 1 978
38 1 733
32 1 111
27 1 74
28 1 747
34 1 529
33 1 891
23 1 518
29 1 1439
23 1 1434
32 1 1041
24 1 1197
28 1 1224
36 1 412
27 1 1478
33 1 561
29 1 1411
22 1 1419
22 1 1369
34 1 1027
27 1 1029
28 1 1040
26 1 825
37 1 933
31 1 730
36 1 578
33 1 1469
28 1 760
31 1 1003
19 1 1059
22 1 1187
26 1 293
30 1 931
25 1 1212
32 1 912
24 1 1403
25 1 60
27 1 676
28 1 1431
35 1 1335
36 1 937
20 1 502
28 1 1464
32 1 1136
32 1 839
27 1 743
18 1 1153
29 1 498
33 1 1070
31 1 515
31 1 459
38 1 1429
30 1 1213
28 1 505
29 1 1467
27 1 1468
21 1 986
28 1 569
27 1 1073
29 1 1310
24 1 1023
31 1 618
31 1 1137
25 1 774
27 1 1392
26 1 585
22 1 503
26 1 441
33 1 11
38 1 983
26 1 1466
30 1 313
31 1 1398
26 1 536
32 1 604
28 1 1245
30 1 1411
24 1 597
32 1 1254
39 1 1038
33 1 741
25 1 1258
31 1 1014
26 1 1231
27 1 989
29 1 1278
36 1 1114
26 1 1455
33 1 1482
20 1 917
28 1 331
38 1 601
27 1 1126
20 1 1157
27 1 538
33 1 404
29 1 712
31 1 1198
30 1 294
35 1 773
36 1 224
25 1 457
30 1 1102
29 1 509
34 1 1152
43 1 1030
30 1 504
30 1 828
23 1 1242
27 1 1095
31 1 1341
31 1 699
31 1 1383
28 1 1339
45 1 540
33 1 758
25 1 659
28 1 268
28 1 79
26 1 696
28 1 1490
22 1 1276
26 1 808
36 1 746
21 1 121
31 1 1031
26 1 20
29 1 1014
32 1 1167
36 1 522
27 1 1413
33 1 1074
27 1 291
30 1 195
35 1 516
29 1 1351
31 1 1300
30 1 704
28 1 1109
23 1 848
24 1 766
36 1 1339
29 1 1470
23 1 396
28 1 954
33 1 526
41 1 605
39 1 740
35 1 814
27 1 336
24 1 289
30 1 1164
27 1 736
35 1 128
29 1 309
21 1 1175
24 1 932
19 1 1311
31 1 1039
29 1 1215
27 1 1123
31 1 1046
30 1 297
26 1 403
29 1 1429
29 1 1030
21 1 570
23 1 1161
33 1 1377
27 1 1335
19 1 373
30 1 1137
27 1 740
35 1 1242
24 1 1115
35 1 541
34 1 17
37 1 1114
23 1 1147
21 1 903
31 1 778
27 1 803
32 1 398
35 1 773
38 1 969
34 1 1405
34 1 1277
31 1 848
24 1 846
33 1 100
22 1 375
28 1 565
31 1 679
30 1 1057
23 1 513
25 1 784
29 1 1156
31 1 684
26 1 1461
28 1 1252
39 1 527
32 1 889
28 1 734
34 1 365
23 1 920
28 1 1019
37 1 905
33 1 1159
30 1 1368
30 1 458
25 1 593
32 1 1306
30 1 1322
29 1 1396
34 1 53
30 1 1088
27 1 747
28 1 454
30 1 1399
29 1 1222
28 1 1200
29 1 625
29 1 1329
27 1 982
30 1 927
25 1 538
37 1 600
24 1 1386
30 1 904
32 1 1099
38 1 1126
35 1 566
33 1 971
24 1 552
33 1 818
31 1 546
33 1 818
30 1 1402
27 1 910
28 1 742
20 1 663
28 1 1074
29 1 1168
21 1 1248
33 1 736
38 1 505
32 1 1090
30 1 270
26 1 1019
16 1 839
25 1 1124
37 1 1458
23 1 332
35 1 1370
39 1 1324
24 1 1243
40 1 928
30 1 622
27 1 731
22 1 1195
29 1 880
27 1 592
38 1 1409
33 1 1178
28 1 167
26 1 752
35 1 889
24 1 1031
28 1 70
33 1 403
26 1 549
31 1 1058
29 1 1325
27 1 1044
26 1 930
17 1 1162
41 1 1279
23 1 304
32 1 753
24 1 1003
29 1 574
28 1 805
28 1 193
15 1 1472
25 1 1107
33 1 1319
25 1 1124
24 1 1222
31 1 707
28 1 765
36 1 913
30 1 1268
38 1 1410
28 1 713
27 1 23
32 1 1000
18 1 128
31 1 1480
31 1 1133
19 1 1302
34 1 666
25 1 1401
34 1 850
25 1 1063
19 1 1302
24 1 1443
29 1 1374
36 1 538
34 1 1447
25 1 353
32 1 23
29 1 82
30 1 677
21 1 1224
28 1 174
25 1 985
30 1 605
39 1 1038
36 1 728
25 1 98
35 1 1063
30 1 824
32 1 860
33 1 983
30 1 901
33 1 864
30 1 454
22 1 1386
29 1 1454
37 1 645
28 1 1160
31 1 268
34 1 761
27 1 615
31 1 208
26 1 881
29 1 308
34 1 951
25 1 304
32 1 826
31 1 1390
31 1 248
31 1 1045
37 1 1070
33 1 122
33 1 1416
31 1 1054
29 1 1138
33 1 1465
29 1 1403
27 1 521
34 1 1413
20 1 716
24 1 40
34 1 1170
28 1 862
30 1 906
26 1 1266
26 1 429
31 1 1017
30 1 1490
37 1 685
30 1 672
32 1 867
36 1 746
29 1 1374
28 1 1307
30 1 1107
30 1 4
28 1 1293
34 1 530
35 1 696
32 1 1015
34 1 696
19 1 939
34 1 1475
26 1 870
27 1 1114
32 1 1416
31 1 1286
25 1 415
22 1 594
34 1 1173
37 1 824
25 1 849
22 1 1360
36 1 1223
32 1 278
23 1 1014
37 1 1322
31 1 146
35 1 505
34 1 1305
28 1 1485
25 1 219
33 1 871
28 1 905
25 1 1286
26 1 734
27 1 1034
31 1 1193
35 1 1070
17 1 1482
29 1 719
22 1 314
27 1 1233
29 1 924
33 1 1063
38 1 54
30 1 715
33 1 1279
32 1 843
24 1 63
37 1 654
27 1 1330
25 1 623
27 1 175
30 1 1177
35 1 1435
30 1 1240
23 1 747
34 1 1267
34 1 782
32 1 1441
30 1 1477
25 1 972
28 1 754
33 1 1105
29 1 1497
23 1 986
31 1 1166
29 1 617
26 1 1251
29 1 888
35 1 698
21 1 1480
30 1 1364
32 1 981
21 1 1133
38 1 908
31 1 245
27 1 1048
24 1 880
30 1 741
31 1 1372
23 1 800
32 1 79
32 1 1291
41 1 674
31 1 1462
34 1 739
27 1 740
27 1 1206
40 1 1495
31 1 1232
31 1 1364
43 1 592
26 1 1234
33 1 627
25 1 1391
19 1 1077
32 1 498
27 1 1040
28 1 1144
27 1 905
26 1 118
32 1 1019
35 1 276
34 1 196
31 1 860
19 1 951
27 1 983
37 1 564
30 1 1192
30 1 1424
29 1 936
31 1 745
33 1 703
30 1 1327
25 1 706
35 1 1022
31 1 885
27 1 1450
15 1 949
28 1 1024
31 1 1147
22 1 773
34 1 1181
23 1 666
30 1 1097
20 1 1459
25 1 654
35 1 1005
33 1 124
27 1 1022
22 1 529
36 1 1044
31 1 1336
25 1 402
31 1 1191
27 1 403
33 1 1196
21 1 1177
23 1 830
25 1 1350
27 1 726
35 1 628
28 1 1482
31 1 1376
20 1 577
29 1 682
35 1 1060
25 1 1493
32 1 1011
24 1 1084
23 1 1126
31 1 1247
17 1 1494
27 1 1215
35 1 1263
31 1 441
25 1 389
28 1 847
28 1 571
31 1 1067
17 1 737
22 1 1418
22 1 104
32 1 1057
33 1 1023
27 1 797
32 1 184
29 1 1222
34 1 225
23 1 968
27 1 667
30 1 1406
32 1 1162
30 1 737
31 1 765
26 1 691
27 1 1269
30 1 1234
31 1 651
25 1 917
28 1 1229
29 1 1387
32 1 1175
25 1 976
28 1 150
22 1 1026
12 1 761
26 1 1201
25 1 575
28 1 478
23 1 408
31 1 836
26 1 546
25 1 701
30 1 687
26 1 752
22 1 967
27 1 828
35 1 1002
24 1 610
32 1 1202
28 1 669
29 1 506
24 1 1393
33 1 629
22 1 1210
27 1 459
34 1 562
34 1 557
22 1 1329
34 1 1111
34 1 16
36 1 1212
32 1 847
29 1 1153
25 1 1262
23 1 655
25 1 1474
20 1 665
27 1 523
34 1 1061
31 1 65
19 1 1269
22 1 1252
27 1 1242
32 1 773
22 1 932
40 1 1161
22 1 678
33 1 1444
31 1 1366
29 1 1139
26 1 277
30 1 1479
30 1 1358
32 1 40
35 1 788
29 1 33
38 1 651
27 1 1046
21 1 396
32 1 1154
28 1 1213
34 1 1223
34 1 1338
30 1 938
30 1 1417
27 1 1488
30 1 833
37 1 1015
26 1 181
24 1 914
26 1 458
26 1 751
30 1 274
21 1 1230
25 1 503
34 1 840
38 1 347
21 1 1040
25 1 657
32 1 1476
36 1 1365
19 1 962
28 1 1012
28 1 1090
27 1 1337
35 1 1349
24 1 703
35 1 1056
32 1 1287
34 1 595
29 1 1020
29 1 969
35 1 738
34 1 71
32 1 943
24 1 685
33 1 1420
27 1 981
27 1 1390
34 1 301
31 1 367
32 1 520
34 1 1225
32 1 739
30 1 625
27 1 269
35 1 904
27 1 1374
38 1 532
29 1 1475
21 1 1396
25 1 1487
27 1 1190
28 1 1343
25 1 779
24 1 1195
34 1 478
24 1 1323
38 1 706
35 1 1051
26 1 1404
39 1 749
30 1 244
30 1 444
28 1 1330
25 1 69
22 1 443
35 1 1417
29 1 785
31 1 1158
35 1 825
32 1 1216
31 1 799
36 1 836
36 1 1486
31 1 525
30 1 1214
31 1 403
28 1 1206
20 1 1305
29 1 1098
39 1 537
26 1 1017
35 1 1020
36 1 1118
40 1 1098
33 1 1329
27 1 579
35 1 1237
33 1 1316
33 1 1217
27 1 26
35 1 681
28 1 1498
35 1 1161
30 1 1035
29 1 952
25 1 803
31 1 138
27 1 491
30 1 503
28 1 1470
33 1 706
33 1 1495
26 1 1134
28 1 1261
35 1 1277
22 1 1397
31 1 129
27 1 1427
34 1 1232
26 1 712
28 1 1404
27 1 523
29 1 1043
30 1 1419
28 1 748
35 1 1400
23 1 680
33 1 663
34 1 533
34 1 844
36 1 1215
29 1 1319
27 1 949
27 1 797
24 1 1424
28 1 612
29 1 536
33 1 844
22 1 1172
31 1 1239
29 1 1043
33 1 543
33 1 688
29 1 1336
20 1 732
31 1 1085
26 1 1259
28 1 635
26 1 130
32 1 1257
29 1 1363
29 1 237
25 1 805
34 1 1050
29 1 678
28 1 512
22 1 804
22 1 1404
30 1 1238
30 1 725
29 1 1416
25 1 1010
17 1 1023
32 1 1253
22 1 1022
22 1 1452
20 1 1243
27 1 1403
39 1 1075
35 1 1398
26 1 677
40 1 826
25 1 1257
31 1 75
30 1 1080
31 1 852
26 1 1184
36 1 1348
31 1 1069
23 1 1359
32 1 1343
36 1 1489
29 1 1227
30 1 1347
36 1 1389
33 1 1008
23 1 1451
34 1 837
32 1 1400
28 1 1414
26 1 1211
25 1 805
26 1 1298
31 1 1446
31 1 535
34 1 941
19 1 1051
30 1 1467
28 1 1159
35 1 1073
29 1 1408
23 1 781
36 1 353
23 1 749
27 1 1065
31 1 583
37 1 1336
27 1 545
30 1 1029
28 1 1490
29 1 1321
27 1 749
31 1 1159
34 1 403
25 1 953
34 1 199
25 1 690
26 1 1225
25 1 1379
32 1 733
30 1 328
28 1 592
31 1 51
28 1 1071
25 1 1149
29 1 83
28 1 1395
18 1 491
32 1 1395
31 1 213
37 1 879
33 1 1301
32 1 868
36 1 1432
45 1 824
35 1 1433
23 1 1158
27 1 1199
33 1 616
38 1 430
25 1 1027
37 1 417
31 1 521
25 1 1378
28 1 1457
22 1 1277